<?xml version="1.0"?>
<opencv_storage>
<_1_Distortion type_id="opencv-matrix">
  <rows>5</rows>
  <cols>1</cols>
  <dt>f</dt>
  <data>
    -4.36416894e-01 2.56959319e-01 -1.73533510e-03 -9.99211334e-04
    -1.18393987e-01</data></_1_Distortion>
</opencv_storage>
