<?xml version="1.0"?>
<opencv_storage>
<_1_Distortion type_id="opencv-matrix">
  <rows>5</rows>
  <cols>1</cols>
  <dt>f</dt>
  <data>
    -4.19261456e-01 1.13562129e-01 2.18042894e-03 -1.61054428e-03
    5.48755586e-01</data></_1_Distortion>
</opencv_storage>
